100
95 111 114 101 84 84 114 106 94 90 93 109 108 102 81 106 95 84 105 85 104 104 87 113 97 88 80 116 113 92 96 95 99 99 117 117 88 91 95 87 104 109 84 89 112 90 114 93 102 118 118 90 104 112 113 80 114 90 114 107 118 92 111 98 85 119 93 115 92 81 111 100 82 116 90 104 109 90 103 85 109 114 114 118 80 96 80 82 108 100 101 112 84 113 115 108 113 88 111 91 
106 112 117 95 111 92 99 95 86 106 91 111 96 116 90 103 102 116 86 82 117 88 85 109 96 96 88 114 101 96 102 105 80 102 93 90 107 114 115 105 111 117 107 110 84 111 99 80 92 89 97 117 86 99 102 88 95 116 115 104 90 84 104 81 112 111 100 90 83 88 102 114 92 119 113 119 100 89 87 116 80 90 116 119 85 106 107 84 83 105 111 113 119 88 87 96 80 118 108 82 
82 115 111 102 89 93 99 94 117 92 114 114 92 100 92 83 110 111 90 94 98 84 112 106 101 80 80 104 98 103 107 119 85 87 115 89 90 106 93 118 91 118 114 83 118 106 92 94 117 103 109 104 110 88 82 111 107 104 119 111 116 103 85 93 96 96 118 104 91 90 89 84 97 89 113 92 97 88 88 99 100 94 80 112 109 114 114 91 91 99 104 80 105 105 116 87 118 90 108 118 
96 114 109 84 100 106 100 114 88 107 100 88 82 95 113 104 97 101 115 83 97 95 118 103 92 81 94 90 100 97 88 102 85 85 100 97 119 93 119 95 89 86 92 118 105 104 82 94 112 101 97 115 114 119 118 112 107 116 86 82 117 80 104 86 94 96 82 112 94 110 109 89 103 118 85 100 117 92 112 93 93 103 113 102 97 94 84 96 97 86 89 90 118 93 102 97 103 118 92 117 
119 89 100 107 94 110 90 84 115 110 95 81 83 86 93 97 83 97 100 81 98 113 106 87 82 98 86 84 93 83 93 107 83 90 110 89 90 106 104 99 87 100 107 119 112 103 84 96 100 85 90 97 106 108 109 85 86 101 110 105 82 108 105 87 113 117 104 96 110 87 105 100 92 104 104 89 103 85 119 102 103 108 81 99 108 104 86 103 101 80 112 109 115 117 117 117 106 85 109 90 
88 113 83 101 110 119 89 117 100 117 100 112 96 115 86 83 110 99 98 98 100 80 90 109 84 96 116 112 93 104 99 117 91 106 98 87 82 109 99 85 106 90 102 90 84 110 101 101 107 89 116 106 102 81 110 108 82 107 114 101 100 88 116 107 99 112 112 81 84 102 114 103 95 80 81 95 87 89 105 110 103 100 112 90 96 119 96 94 119 106 91 111 115 106 85 90 116 111 99 117 
87 94 105 95 86 92 81 116 92 104 80 104 94 90 82 119 101 94 94 111 96 104 92 99 103 107 82 110 98 82 118 96 96 81 94 119 99 97 91 108 104 110 84 89 100 103 111 93 106 82 98 92 114 105 104 117 91 109 103 105 105 85 85 101 90 91 115 100 114 115 90 85 110 81 90 116 117 86 90 111 83 119 105 119 103 82 99 105 84 85 111 112 117 93 109 89 82 111 109 99 
95 103 82 81 91 83 94 109 93 91 95 98 83 88 119 94 101 102 105 90 118 103 95 112 90 117 81 88 107 83 104 95 94 97 104 100 106 90 100 112 89 115 115 90 110 83 80 84 102 105 103 109 92 111 99 91 101 81 85 93 98 114 119 83 91 83 87 115 88 88 119 105 83 90 97 106 113 98 103 93 80 96 96 101 114 81 103 119 104 94 118 93 106 119 96 109 82 115 115 98 
104 90 92 93 104 106 109 87 96 114 105 93 85 103 104 104 102 112 110 103 88 80 118 116 80 95 85 89 95 93 113 117 95 109 95 94 108 81 83 116 118 88 90 112 99 89 84 119 105 90 110 112 97 81 83 85 103 102 115 89 102 100 91 119 96 115 84 106 115 91 104 118 112 86 94 82 109 114 119 81 97 97 105 100 111 103 105 101 100 104 85 82 99 116 111 117 80 89 110 116 
82 106 87 81 89 89 113 96 94 110 109 104 114 91 92 112 119 94 98 96 115 97 97 81 90 90 81 98 107 90 90 112 83 93 116 113 110 109 102 85 84 114 107 89 103 98 98 97 107 113 92 105 119 117 81 89 88 89 99 91 116 116 108 114 83 85 92 81 98 86 98 93 98 98 91 87 85 99 81 90 112 84 115 85 92 80 90 110 103 118 91 92 95 114 96 95 95 104 105 86 
90 119 97 92 115 104 99 95 95 114 115 111 91 92 89 112 103 102 80 100 108 100 84 112 81 87 114 113 89 106 114 91 113 118 119 102 93 91 87 101 98 115 117 92 94 84 84 93 84 99 118 87 91 87 83 84 94 81 109 86 87 102 88 117 108 86 95 119 107 108 81 85 114 82 99 109 119 89 103 89 110 90 106 116 113 84 114 92 81 90 118 81 91 80 89 112 110 90 110 116 
81 81 103 106 113 91 88 103 112 86 110 88 89 105 94 85 80 118 80 84 103 96 81 118 90 109 88 103 116 88 80 103 107 102 108 88 110 106 114 100 111 87 94 93 91 106 103 112 101 90 86 119 99 85 98 113 89 88 89 112 82 82 81 86 93 93 93 93 107 83 115 114 110 81 89 93 109 82 96 80 101 115 89 81 114 118 92 94 115 101 104 116 107 93 101 92 107 109 108 99 
108 113 104 84 99 87 86 84 102 117 95 81 106 117 102 80 87 103 101 114 91 97 114 82 99 109 103 109 97 119 111 87 102 114 84 102 104 102 86 117 87 103 110 119 90 109 80 118 119 84 111 95 111 112 90 84 95 102 100 102 115 97 90 84 109 80 117 84 91 113 119 101 95 84 90 95 103 94 108 119 85 105 103 91 113 84 92 119 83 84 112 97 117 119 95 111 92 104 93 83 
87 116 116 87 87 88 103 115 103 109 100 89 118 113 88 97 95 107 109 118 98 99 87 92 83 100 108 116 95 94 105 109 95 116 81 113 94 103 88 113 101 85 110 102 109 114 112 101 116 105 104 86 96 119 92 114 113 108 92 86 108 95 117 88 113 92 91 92 102 85 91 84 84 115 94 82 119 111 105 107 116 113 89 107 114 99 100 110 115 92 107 98 84 101 108 103 96 81 100 111 
99 117 98 104 114 81 86 91 112 107 112 80 82 87 109 112 84 93 99 87 93 119 110 116 101 100 92 110 112 94 83 108 114 109 114 113 113 118 116 99 115 83 89 86 92 112 102 82 89 103 109 102 91 113 104 119 99 106 103 89 92 112 81 96 119 103 103 91 87 99 83 110 92 84 111 91 93 103 115 93 110 95 102 104 82 95 93 88 81 114 106 116 90 105 116 86 109 89 92 115 
119 110 87 98 104 88 119 114 113 105 117 100 118 103 81 98 92 100 90 82 100 96 89 92 109 96 119 116 104 109 94 115 93 91 109 105 83 116 102 119 100 105 97 92 110 100 91 118 118 101 114 91 96 119 111 115 89 94 118 91 85 88 89 81 108 117 88 95 104 116 93 110 90 107 84 97 90 82 96 106 100 101 113 109 95 101 113 87 106 89 117 90 112 86 89 112 82 88 108 105 
83 116 91 92 95 84 89 94 92 101 108 89 107 105 99 84 104 116 83 83 108 109 97 99 100 91 82 100 98 105 102 91 89 96 115 107 111 87 117 96 115 97 107 95 101 108 117 93 85 97 89 91 107 117 85 107 102 115 119 82 96 107 89 97 118 83 88 89 86 89 83 106 105 106 112 89 80 114 114 100 98 112 111 99 83 93 102 93 105 105 101 92 104 115 89 110 117 99 87 97 
80 109 87 98 114 100 88 105 86 80 118 93 100 109 112 96 104 106 110 86 114 91 112 112 110 115 114 111 115 114 100 87 113 95 117 114 99 98 103 93 100 105 93 115 103 116 113 116 110 111 115 82 116 92 108 104 102 90 113 103 115 118 106 111 109 100 98 110 104 98 105 96 111 97 108 91 86 97 86 85 113 104 96 108 92 111 85 98 116 82 96 100 90 105 94 101 104 119 104 107 
84 110 89 110 82 85 110 88 109 112 91 102 110 98 106 97 109 114 86 113 108 95 118 87 84 104 117 94 110 85 102 85 91 116 116 99 88 81 111 80 105 93 108 99 87 105 100 109 116 111 100 97 90 117 92 87 99 95 97 116 84 97 93 104 91 118 86 91 95 111 92 92 118 91 108 96 97 119 106 100 92 115 99 111 98 97 104 118 86 83 86 109 100 103 115 119 93 81 83 115 
105 93 80 91 119 112 96 81 88 83 104 105 98 82 103 101 104 103 85 113 119 85 82 116 107 108 91 103 111 97 102 101 108 111 111 95 81 94 116 99 113 118 107 104 82 88 83 97 97 89 95 91 82 108 111 117 85 99 89 91 93 106 117 103 107 96 110 117 95 98 99 105 94 110 86 111 119 81 100 102 95 102 115 106 84 107 106 92 111 105 97 88 98 112 82 100 113 116 111 80 
94 89 99 86 116 102 85 80 93 89 86 88 87 103 92 119 105 94 87 102 99 97 88 82 107 103 106 88 84 104 96 85 105 109 94 80 88 83 84 111 105 108 85 91 101 98 86 105 116 112 105 101 111 87 97 101 84 82 104 103 87 119 101 88 85 107 105 106 92 96 80 97 103 101 101 115 110 99 101 114 89 95 118 111 117 104 81 108 95 119 114 101 102 110 88 84 101 111 80 113 
118 106 100 82 82 90 81 109 100 108 102 103 117 93 88 95 82 80 82 116 83 96 114 119 93 80 95 103 94 109 86 111 80 116 116 102 103 93 118 83 108 116 92 91 108 112 92 81 107 113 98 88 106 99 85 80 103 81 117 82 116 104 113 106 80 90 101 112 105 100 88 83 91 92 107 83 113 106 118 97 98 113 93 117 88 82 103 91 114 118 111 92 82 118 91 92 104 89 114 109 
116 105 83 112 115 90 88 107 89 88 89 91 85 84 117 87 90 114 115 110 89 82 95 103 116 106 113 91 102 84 87 113 94 89 114 86 90 114 102 94 111 86 106 84 87 101 96 97 108 95 95 101 96 82 107 119 95 95 118 114 92 80 112 111 96 80 90 97 114 118 81 89 104 80 85 118 115 80 81 88 81 101 85 114 115 113 119 114 95 98 104 94 80 96 106 116 105 98 119 85 
105 101 109 96 95 106 94 119 95 98 92 104 117 96 106 90 102 92 117 114 111 80 81 97 109 80 88 99 115 99 85 95 97 80 87 110 81 119 113 106 118 118 94 85 117 92 98 106 101 117 115 115 99 83 110 113 110 93 118 98 106 111 112 82 80 93 114 104 106 93 81 107 91 104 106 98 101 117 104 117 93 115 100 107 112 80 107 112 113 114 89 107 83 81 91 98 88 96 106 106 
108 102 116 118 92 101 92 107 112 111 105 103 104 103 116 116 98 115 100 116 105 108 84 82 89 103 91 99 87 84 100 95 86 88 84 80 84 113 96 86 91 101 105 116 99 111 80 114 84 104 108 80 98 110 99 84 105 91 100 113 80 85 90 108 90 109 101 83 95 119 115 85 105 93 116 96 114 111 91 91 107 91 104 112 119 117 106 109 111 99 98 88 102 104 99 117 108 99 117 93 
96 83 96 100 87 97 102 87 113 82 97 105 106 95 84 81 94 115 118 105 86 97 112 117 103 80 80 85 113 116 102 81 93 113 100 81 104 102 106 102 109 92 119 96 118 106 84 117 114 95 106 107 106 114 92 90 118 105 95 113 109 109 93 99 81 86 97 86 97 104 109 80 112 98 96 109 114 111 99 106 87 90 114 104 80 91 112 93 95 88 83 108 83 98 118 87 104 86 101 103 
93 91 99 97 119 111 112 100 83 97 102 106 97 82 115 91 84 94 97 105 94 104 88 116 96 103 93 106 94 107 91 113 113 91 112 117 102 87 83 81 93 93 81 99 84 115 87 113 105 96 106 114 102 110 106 99 119 87 101 94 111 116 88 112 96 84 104 88 90 95 118 111 83 112 88 88 84 80 85 86 108 84 113 108 117 85 110 117 108 88 99 105 103 90 86 112 87 114 110 118 
109 91 100 99 105 116 111 94 101 93 102 85 104 112 96 84 110 82 103 119 93 85 115 118 90 91 91 108 106 97 87 100 101 85 81 89 116 102 97 87 91 103 88 83 114 87 92 92 93 104 97 93 115 89 105 113 116 83 107 97 116 84 103 84 108 84 105 92 104 114 108 89 114 105 85 116 117 100 88 106 102 91 105 107 85 90 89 86 81 92 104 107 113 97 89 92 104 97 105 113 
104 108 105 110 102 95 100 99 86 117 82 113 101 112 106 84 109 90 86 105 110 93 88 109 102 98 83 95 107 82 100 91 80 103 111 92 100 94 102 110 104 100 116 101 86 114 104 109 87 118 109 95 117 103 118 84 119 93 95 81 107 114 94 119 85 97 105 118 118 90 89 94 80 87 83 82 93 110 112 105 80 90 90 106 83 88 95 83 103 92 114 118 106 110 84 105 83 101 98 105 
81 117 104 114 89 80 91 100 94 103 92 85 115 90 81 104 92 92 101 80 83 84 104 99 118 105 113 109 93 110 103 119 97 110 87 100 104 92 104 112 110 89 82 117 93 82 93 84 109 102 110 108 86 105 116 114 82 112 97 86 96 90 92 93 107 94 83 112 113 103 109 105 87 105 94 109 106 118 92 82 88 90 110 86 93 103 100 81 81 102 105 113 95 91 109 80 89 115 111 116 
111 117 80 98 86 90 114 80 93 114 96 86 106 116 103 88 107 98 90 107 89 119 99 97 119 118 109 107 96 104 95 98 110 114 83 81 95 96 84 91 106 98 101 109 80 82 111 103 117 110 107 84 93 80 109 107 115 103 113 82 117 90 95 102 91 89 82 98 102 96 119 97 110 89 105 97 84 109 105 110 94 86 90 96 81 92 107 115 88 98 93 81 82 108 100 102 98 104 83 119 
88 110 96 87 93 117 94 112 83 83 113 98 99 88 117 108 80 104 87 84 81 91 109 84 93 91 105 100 102 105 96 93 111 85 90 89 114 104 106 101 82 103 116 103 119 95 102 106 96 119 111 83 107 118 109 104 88 98 83 92 108 90 102 81 80 113 81 90 89 119 111 108 115 102 93 89 87 102 106 80 92 117 110 108 105 111 80 87 113 101 116 115 95 101 105 94 112 86 97 111 
80 103 89 105 116 83 104 107 111 90 93 89 96 119 89 83 112 105 107 103 98 89 98 93 115 87 117 96 113 113 94 116 112 82 86 104 103 82 90 82 82 87 98 97 112 88 106 91 116 98 82 83 113 113 88 118 118 117 109 99 113 110 117 116 112 93 88 86 82 104 110 105 108 90 87 116 112 117 111 112 80 100 113 95 112 90 91 113 97 89 95 99 114 88 81 92 89 100 100 117 
80 113 96 117 106 117 86 86 84 97 116 112 112 109 115 95 101 103 109 107 99 96 85 100 82 99 111 104 106 98 118 107 100 111 116 98 96 93 116 92 112 112 107 101 90 103 85 112 99 116 116 80 86 94 92 107 99 84 105 99 101 117 82 115 116 104 87 99 81 109 92 80 112 95 114 83 87 95 91 92 117 110 100 83 94 94 95 82 115 102 109 114 94 80 83 105 99 112 92 101 
81 91 84 80 88 114 108 96 101 89 105 89 113 88 111 105 112 102 99 119 93 101 87 89 114 110 110 97 92 82 87 84 86 90 118 111 84 83 101 118 112 89 115 90 90 111 99 101 111 105 117 93 116 102 105 91 108 109 103 80 109 90 108 115 97 85 95 113 81 88 82 81 115 91 116 107 84 118 91 108 88 90 95 88 118 84 105 117 81 95 98 80 113 109 112 103 89 98 99 114 
105 85 118 119 99 83 105 80 106 106 91 90 87 103 109 109 118 116 114 115 117 113 82 103 108 86 102 84 111 83 118 87 105 117 93 105 115 109 118 85 90 117 80 115 103 106 117 102 119 113 80 96 115 96 101 112 106 90 114 93 114 117 91 98 85 116 100 102 96 92 95 87 87 86 93 98 100 112 113 97 103 88 104 105 111 118 101 103 111 84 81 103 83 101 119 89 105 111 86 96 
117 86 95 88 85 118 102 108 115 101 86 105 113 107 85 82 118 112 103 104 103 112 94 118 105 117 94 111 114 97 95 100 103 85 84 110 96 107 96 108 96 109 112 82 89 105 83 102 108 106 118 96 110 107 109 117 94 90 84 112 106 86 83 102 89 119 96 108 116 81 118 87 110 92 99 104 91 99 119 82 92 95 96 81 80 96 82 97 110 80 84 96 95 91 95 89 104 118 111 110 
101 115 100 113 90 118 106 95 114 104 108 106 115 93 87 113 89 92 98 94 102 82 92 91 83 83 86 90 96 95 119 104 87 93 86 109 103 119 90 115 100 113 102 81 92 103 112 115 93 90 112 95 97 118 118 110 99 83 100 108 84 110 82 103 102 116 113 96 90 90 103 89 108 84 89 108 84 112 95 107 80 102 112 105 84 119 111 99 100 110 101 117 104 119 110 93 94 91 80 118 
118 117 117 116 110 108 90 118 102 102 87 117 118 93 119 87 115 80 106 88 96 81 110 119 105 86 93 96 115 86 111 115 104 107 103 96 102 110 91 100 119 107 86 93 99 114 80 111 105 87 109 88 93 103 82 86 91 95 91 107 98 106 98 82 91 119 115 105 96 93 107 106 114 100 86 80 83 114 111 106 83 86 82 87 109 116 86 95 97 110 118 82 109 99 102 103 100 110 115 83 
81 110 107 100 116 85 100 88 90 104 80 95 92 114 102 90 86 93 108 86 96 102 104 81 97 91 86 80 94 116 116 114 91 92 105 117 96 106 107 99 93 104 112 88 96 87 101 115 107 93 106 119 99 93 86 116 106 105 119 119 110 109 81 83 115 99 80 106 83 119 97 108 102 103 98 98 85 97 106 80 103 97 115 117 87 109 100 96 109 110 99 96 88 101 104 104 85 96 108 86 
81 104 104 119 90 96 90 80 100 84 83 115 112 108 92 108 119 107 86 95 100 88 104 105 87 112 107 95 109 118 114 86 85 97 117 80 86 112 109 96 100 84 90 114 97 106 119 98 112 116 111 111 84 82 105 116 119 98 119 115 119 106 85 110 115 110 84 116 84 106 118 83 86 117 84 104 102 112 114 81 93 90 108 83 106 113 99 93 109 87 80 80 80 87 113 105 96 106 97 117 
105 107 113 104 81 99 92 113 98 113 97 110 115 98 89 87 88 96 104 82 109 107 97 115 106 97 90 93 112 91 95 89 90 85 82 105 95 97 96 90 83 106 110 84 93 88 106 88 83 108 103 101 114 81 112 86 90 117 101 91 110 115 99 107 105 119 102 91 108 109 106 93 116 86 95 80 104 111 115 88 104 104 113 90 105 111 95 103 93 110 101 82 95 87 113 95 116 82 96 81 
93 105 87 96 89 89 87 102 111 93 87 93 97 104 115 111 85 103 91 80 93 97 94 92 94 92 117 97 101 84 100 80 109 106 83 94 102 112 99 89 103 101 91 81 100 97 98 109 99 94 87 87 112 81 117 93 88 108 82 109 98 105 119 116 89 93 97 99 103 86 85 110 100 82 91 90 100 110 97 115 86 80 113 87 80 98 117 99 96 92 102 112 85 84 99 81 85 116 119 115 
96 104 99 97 89 90 107 91 108 116 109 107 115 97 99 93 98 81 114 96 99 80 115 84 100 97 102 90 100 108 87 106 117 105 89 93 82 103 118 81 106 102 105 82 101 93 98 115 91 105 112 81 108 107 94 103 98 93 84 91 114 97 118 109 106 117 105 111 100 95 81 86 88 112 97 116 97 104 98 110 110 111 84 105 96 107 82 116 98 107 103 114 100 111 87 86 115 81 97 107 
99 84 80 112 100 119 97 84 114 102 86 115 110 118 81 117 114 115 101 95 82 88 101 113 94 105 80 83 108 104 116 116 90 99 87 97 105 118 93 103 109 91 84 117 105 106 99 88 103 102 105 108 85 119 82 92 107 93 91 95 89 111 119 111 118 96 114 119 107 82 106 88 85 82 118 80 89 96 111 96 91 90 83 112 103 84 104 97 96 85 117 118 118 113 100 88 114 111 100 109 
93 86 107 116 111 97 97 80 108 108 87 87 113 97 103 109 116 92 101 114 104 119 114 100 95 107 113 106 83 116 82 103 85 103 117 103 103 114 81 98 85 96 98 89 101 88 88 105 87 90 92 107 80 117 94 94 81 87 113 82 100 114 112 106 94 95 90 109 112 99 89 88 112 114 113 100 116 84 115 111 86 106 105 98 107 109 108 110 86 84 89 116 114 103 82 96 92 93 88 113 
118 86 86 112 80 118 82 98 114 87 84 99 84 97 81 113 102 105 97 114 107 107 116 115 112 117 91 103 99 90 83 112 118 104 116 100 99 87 112 87 82 86 95 97 101 99 103 116 92 102 105 93 100 106 102 116 115 106 97 113 103 85 93 93 100 101 103 98 116 97 103 104 80 100 96 110 93 82 119 81 98 112 104 91 86 117 107 99 94 80 118 92 108 119 116 117 107 81 99 93 
87 89 115 81 97 87 90 100 112 117 93 90 108 83 97 88 107 95 96 91 118 108 87 83 110 110 83 108 104 104 99 90 96 82 97 110 113 82 115 105 114 101 102 107 117 90 98 97 89 84 88 89 111 83 111 115 113 109 94 85 110 93 109 107 91 80 108 90 83 89 85 96 87 112 101 81 105 115 117 104 90 81 103 88 92 111 116 86 105 105 90 86 98 118 91 110 108 88 88 98 
108 95 108 101 83 98 86 104 85 81 119 83 108 81 113 86 105 85 80 106 82 109 90 112 111 94 113 93 103 118 90 114 95 98 102 100 82 101 102 92 117 87 107 108 105 113 115 100 83 112 80 89 112 94 106 114 90 88 101 102 104 100 117 93 89 100 117 89 104 80 112 96 92 115 87 97 87 116 96 89 94 102 95 105 119 118 95 102 94 82 105 92 99 97 109 88 117 114 87 80 
98 92 80 97 94 111 93 86 80 118 93 87 93 106 91 101 84 116 115 88 104 118 106 108 108 94 111 86 96 112 117 118 90 119 82 91 80 104 114 85 106 92 100 91 85 96 118 97 97 82 109 102 91 81 92 80 119 81 109 100 102 98 118 94 109 101 83 105 118 114 106 115 119 81 91 80 89 83 101 98 115 92 110 82 84 103 91 109 96 117 101 86 98 108 101 108 119 97 86 104 
99 90 88 93 101 81 117 108 101 88 92 114 118 94 115 113 119 100 90 104 107 111 115 103 112 90 117 108 109 103 119 99 108 113 113 118 103 81 95 96 87 92 119 103 119 93 105 86 119 108 110 84 84 82 89 85 85 80 107 98 97 84 83 87 92 102 90 105 88 117 107 107 112 113 97 84 88 85 84 118 80 107 115 101 88 91 85 105 117 90 107 98 88 115 92 104 104 100 116 85 
86 112 103 111 119 84 88 101 103 112 102 108 87 85 101 103 105 117 114 90 115 83 80 97 111 96 105 114 99 95 102 115 100 94 111 89 93 113 102 86 94 84 101 86 104 85 96 110 108 108 93 98 107 97 96 106 96 96 91 112 106 106 83 112 86 91 109 116 113 108 95 91 106 117 116 86 86 89 103 103 86 117 113 118 82 102 93 105 81 110 96 118 104 91 94 81 88 84 95 85 
101 81 105 89 88 86 111 80 86 115 119 84 97 107 82 81 84 87 92 114 100 87 83 98 98 92 92 88 102 117 96 88 101 108 110 98 82 91 83 98 83 81 92 99 98 107 100 112 100 112 80 113 111 118 88 102 92 83 97 91 107 113 93 104 118 96 83 84 94 81 83 86 82 93 114 103 110 104 91 119 87 118 103 114 84 88 91 103 89 82 112 93 109 92 96 90 100 83 108 106 
119 115 99 96 94 92 84 100 119 118 84 89 80 99 115 106 113 119 113 80 85 94 118 114 103 98 111 114 98 87 109 112 88 86 95 93 116 98 119 118 83 90 114 91 116 107 89 107 89 90 117 86 117 91 88 119 109 81 110 107 116 98 105 106 103 117 100 113 103 99 87 98 84 96 98 105 118 108 109 91 119 90 92 101 93 93 112 94 99 106 119 90 103 102 86 92 118 108 109 104 
116 115 96 106 80 106 94 94 91 105 107 101 89 94 104 96 112 96 82 93 102 83 112 107 95 88 94 91 99 96 102 117 110 110 102 100 97 102 84 95 87 110 86 117 98 111 95 100 83 87 100 102 104 111 84 81 119 108 93 82 89 109 116 93 82 111 84 107 101 88 80 88 116 110 91 87 93 99 100 85 89 88 88 119 118 83 96 113 116 118 113 85 84 85 89 91 83 84 111 115 
87 83 92 108 113 87 102 80 112 109 92 102 86 86 83 91 116 114 110 111 81 106 116 96 103 94 108 117 86 111 91 80 82 107 110 96 80 91 83 82 102 98 81 84 104 100 81 111 118 80 116 102 99 84 83 95 104 108 118 92 111 86 108 102 108 101 97 96 109 119 102 83 83 93 114 91 88 87 101 93 80 82 109 91 117 104 82 102 82 82 117 119 89 83 86 114 104 100 105 87 
85 103 114 86 115 115 80 94 85 84 85 99 119 107 118 98 92 89 85 81 113 116 84 80 80 107 108 102 81 116 91 82 84 96 92 95 114 119 88 82 105 117 107 91 93 96 106 118 91 109 112 109 113 102 95 84 106 91 83 88 117 90 90 85 101 108 112 98 92 85 119 91 104 103 116 99 119 92 93 116 95 102 118 109 86 102 106 94 88 117 103 83 119 81 98 91 101 103 114 108 
108 106 89 92 111 110 84 86 90 108 99 88 91 98 100 117 92 85 114 107 88 94 99 99 115 86 96 97 103 95 93 111 88 97 80 114 89 118 110 80 104 115 105 109 116 115 86 113 95 105 114 103 102 105 109 100 117 92 103 90 87 119 118 113 116 111 82 97 115 83 103 118 102 93 106 96 85 118 119 93 107 93 87 102 85 100 87 83 113 104 99 99 115 91 81 101 98 103 82 108 
97 80 116 114 105 87 82 108 83 87 117 118 100 118 91 91 106 98 102 98 83 93 80 88 92 94 98 103 95 109 116 104 110 115 118 106 91 100 109 118 98 114 106 110 110 111 92 82 96 102 86 119 111 111 91 85 89 101 117 91 95 118 109 113 118 95 84 81 90 112 80 82 117 91 91 107 109 85 93 81 84 102 114 101 81 83 111 117 91 85 117 93 94 117 87 106 102 111 104 107 
112 88 118 92 105 118 100 104 101 98 107 82 97 84 95 80 109 100 96 117 113 88 119 81 96 119 105 96 114 104 88 92 99 104 92 95 89 102 80 113 83 117 81 82 92 102 82 100 111 118 98 80 109 83 111 92 81 95 108 94 109 95 102 104 101 82 116 112 89 113 116 90 81 80 83 116 81 110 100 102 83 110 90 116 99 98 97 81 118 105 110 81 100 86 86 91 92 93 92 90 
86 81 101 119 100 87 117 109 90 97 92 96 109 96 91 82 96 105 80 92 89 106 82 101 106 98 118 114 83 82 103 106 100 116 92 117 80 94 84 113 118 107 101 80 81 87 113 89 119 108 113 105 87 93 100 94 115 111 88 96 93 111 98 84 118 108 104 94 106 82 115 83 103 88 82 89 108 87 97 99 109 111 81 116 85 119 80 87 109 81 97 97 112 104 111 108 97 94 115 112 
100 111 94 112 113 92 104 87 112 84 118 101 86 93 97 105 101 91 83 93 105 91 109 105 103 103 116 109 80 102 115 94 83 103 81 100 89 114 91 102 106 83 108 82 101 84 112 85 92 110 112 83 118 99 104 84 94 83 93 83 80 104 90 100 100 80 113 114 99 80 86 82 86 104 111 95 119 94 104 115 103 98 100 86 118 100 85 102 105 117 84 116 93 80 100 103 113 94 105 103 
106 96 86 87 97 117 108 88 95 97 118 103 96 110 89 114 101 113 98 108 83 107 111 114 98 106 95 105 80 92 85 118 107 96 88 98 85 81 102 104 97 95 86 117 85 115 85 82 88 95 113 105 114 81 113 82 107 106 109 112 99 110 90 93 81 82 93 86 87 85 105 84 99 93 84 89 112 96 100 108 82 83 110 112 105 81 119 103 109 116 83 110 96 81 99 94 81 115 108 103 
108 95 82 88 110 103 92 103 103 86 88 113 96 111 95 87 116 98 91 110 99 115 109 97 81 96 108 85 118 104 80 113 118 91 108 80 105 89 97 116 92 99 95 88 102 80 102 89 103 109 99 91 90 117 111 108 116 96 105 119 109 99 100 88 107 100 107 119 101 103 80 90 93 82 84 91 111 90 96 107 118 88 115 113 94 108 84 100 116 100 111 112 81 113 117 88 85 110 99 89 
81 109 93 103 117 104 91 111 103 105 81 111 93 111 93 85 106 109 90 83 108 81 113 108 103 110 119 94 106 118 89 84 118 87 115 110 119 96 113 95 92 89 93 115 88 109 103 83 99 117 107 86 82 81 91 102 98 93 85 85 117 111 96 90 115 89 80 91 113 111 113 104 111 86 96 106 115 118 84 86 100 110 99 82 81 99 90 83 87 92 93 80 81 117 116 87 106 86 86 114 
118 80 111 86 94 115 117 112 90 87 97 99 97 93 96 82 109 96 97 110 89 86 97 101 92 117 82 81 87 84 90 96 82 95 95 108 109 118 97 113 114 99 112 94 112 86 100 106 105 102 116 101 109 110 102 104 104 82 85 105 95 117 88 119 104 105 110 103 87 113 88 105 85 94 87 82 90 92 117 110 99 81 95 81 119 114 87 91 83 81 105 118 86 94 107 85 110 105 95 99 
113 98 109 100 104 109 113 84 86 93 109 114 102 84 95 113 82 92 114 115 88 117 98 98 95 115 113 85 95 83 119 99 102 107 118 103 119 115 107 88 117 116 80 99 118 99 111 95 98 105 89 101 107 82 101 90 102 96 116 91 87 108 80 116 99 89 101 93 119 93 96 113 94 108 84 116 95 107 115 96 93 93 89 100 87 93 85 114 112 113 97 107 114 88 112 106 91 112 95 89 
98 118 92 84 107 99 83 112 93 87 112 111 116 92 86 92 106 98 94 85 81 106 107 106 84 82 90 104 99 108 96 97 117 91 99 84 104 83 98 117 108 107 80 113 93 90 100 81 95 83 100 80 108 95 80 90 89 94 83 83 87 81 91 81 93 86 90 103 90 97 93 118 104 92 82 90 84 115 102 119 98 94 116 119 118 92 114 105 85 96 85 110 90 115 117 99 108 118 84 102 
84 97 111 112 117 93 111 102 84 115 105 107 87 111 105 101 82 116 86 90 116 101 102 111 112 94 90 84 95 85 101 80 83 87 118 109 119 115 117 112 114 109 81 119 98 113 95 111 117 85 112 81 114 113 98 96 118 101 118 81 99 87 105 95 99 95 100 107 106 105 118 109 113 111 98 105 95 112 91 96 106 81 83 90 115 111 107 93 88 102 117 101 82 112 85 80 87 85 102 116 
82 92 105 80 118 116 80 116 114 97 104 101 118 94 109 97 107 99 119 91 89 83 98 92 82 117 116 95 99 101 88 86 91 87 119 94 108 103 86 92 103 87 106 106 92 86 104 90 111 81 81 118 109 105 83 82 118 106 91 111 109 83 93 100 114 102 118 91 80 93 97 93 90 103 94 83 89 86 113 82 81 118 94 98 113 101 106 91 105 89 116 109 86 98 99 114 89 86 81 106 
118 90 109 99 119 100 110 91 96 82 99 116 86 110 112 106 89 89 115 84 81 88 109 84 116 80 84 101 85 106 108 96 105 114 93 99 90 106 80 119 102 118 100 84 106 84 117 91 96 98 100 111 104 83 81 89 99 111 117 95 98 94 108 89 85 81 95 119 80 86 112 90 103 94 86 110 106 108 113 80 115 92 95 106 84 101 93 104 118 109 97 102 117 95 108 88 87 99 93 101 
115 99 112 81 118 118 118 94 80 115 94 86 85 91 81 88 104 98 91 100 82 100 86 101 88 81 96 106 82 100 100 80 80 86 110 80 111 89 112 88 105 84 114 89 115 114 86 109 88 103 105 107 106 97 102 80 80 102 101 91 100 88 104 100 99 90 93 114 119 85 80 105 114 115 96 93 96 103 106 85 103 95 99 94 115 96 110 107 82 85 85 110 110 115 108 94 97 107 98 109 
114 100 105 100 93 117 108 93 89 101 88 101 91 103 91 84 112 85 90 98 112 111 118 80 94 112 86 96 116 86 80 90 115 100 80 85 88 93 115 94 82 103 102 119 111 98 95 95 86 108 93 82 96 114 108 93 96 109 80 88 89 118 115 104 95 95 105 80 117 96 96 99 94 91 110 113 119 84 82 84 105 88 84 85 92 89 113 80 95 108 87 89 101 96 87 105 105 98 88 89 
90 113 95 97 89 115 100 118 103 106 81 102 100 95 92 89 98 113 99 86 96 82 87 86 82 95 88 81 110 105 80 84 113 93 93 100 96 108 102 114 91 95 118 106 115 100 102 89 100 85 109 98 102 115 115 110 86 119 99 86 81 96 111 102 80 118 85 95 94 114 86 89 111 96 103 116 115 114 81 105 112 114 116 106 118 83 112 98 99 93 83 82 87 99 103 89 105 99 107 111 
96 113 89 103 111 88 112 119 112 110 112 109 105 91 98 87 91 118 90 103 119 108 117 90 107 110 84 99 82 118 91 80 98 117 107 88 87 84 99 112 93 85 102 97 90 85 93 80 106 88 109 98 108 81 99 113 90 93 92 87 86 115 114 110 103 114 96 113 83 94 118 99 86 81 96 114 113 82 97 87 110 85 109 101 80 95 83 116 119 92 98 105 81 118 83 92 116 108 115 109 
111 93 84 91 89 119 106 107 97 97 88 81 108 113 85 102 109 114 89 111 119 94 105 117 86 92 114 102 92 102 98 96 119 82 90 117 111 115 95 103 94 107 96 98 80 111 106 80 97 111 103 101 86 113 94 112 115 80 115 114 100 94 95 110 119 91 98 85 110 113 93 84 99 94 84 117 101 117 80 111 103 113 91 115 110 119 108 116 91 95 91 82 111 102 119 99 115 92 90 86 
90 117 86 110 94 110 96 111 111 101 91 88 90 101 96 92 94 93 81 103 90 116 101 82 106 92 109 116 88 112 93 93 102 82 103 103 114 94 81 91 99 85 110 85 104 94 82 94 80 103 119 100 100 92 101 88 104 82 103 107 112 91 104 101 95 118 99 92 91 82 98 94 109 95 103 84 100 113 102 107 113 97 107 87 92 82 112 94 118 109 103 118 112 98 110 100 113 84 80 106 
117 95 87 84 96 96 112 88 90 89 111 103 92 95 89 108 104 106 97 112 87 105 90 112 101 104 115 92 94 111 80 92 84 112 85 88 112 100 117 101 94 114 113 111 117 93 93 88 107 89 84 83 112 114 115 93 113 81 91 97 101 116 80 118 116 97 119 104 106 119 84 87 115 113 105 119 105 87 98 93 97 82 109 83 84 116 96 105 105 106 115 88 112 80 108 108 89 119 89 101 
90 109 88 114 103 105 98 115 108 97 86 97 86 90 89 84 88 115 107 80 114 95 102 85 91 109 80 98 119 109 87 110 99 89 116 90 101 94 112 94 97 102 83 111 118 92 83 105 104 91 105 111 86 106 88 108 83 104 119 117 106 80 118 109 82 105 117 108 113 109 87 101 85 116 109 83 94 92 119 87 95 87 102 96 115 113 101 96 100 85 118 111 102 107 81 87 106 96 94 99 
103 90 100 92 115 101 98 89 88 87 106 106 97 117 102 81 107 112 82 118 81 112 81 118 111 115 116 119 88 105 101 90 115 95 90 118 104 87 108 93 81 80 95 93 91 111 92 101 84 106 106 113 86 100 100 109 97 107 83 82 95 90 92 88 89 82 93 112 111 92 80 99 101 108 82 93 113 83 93 112 112 115 114 87 112 87 106 96 104 103 83 108 92 109 104 110 85 119 89 109 
85 97 98 104 112 94 95 85 110 99 101 110 85 112 92 89 99 108 97 115 97 92 119 96 107 95 117 113 115 113 107 98 86 114 110 95 118 106 83 115 103 100 112 100 101 100 118 86 82 86 91 106 118 85 116 83 95 92 119 118 104 108 110 107 109 83 111 84 92 101 81 80 119 90 82 109 94 84 107 88 82 99 117 82 84 118 100 97 84 88 81 119 94 117 102 91 118 96 99 91 
116 98 93 83 115 105 102 116 99 107 104 84 94 101 106 109 112 92 101 93 119 111 113 82 82 87 88 88 102 93 100 112 91 110 84 110 86 101 113 87 96 101 119 85 99 105 112 105 116 91 82 108 84 93 105 98 88 119 119 107 81 93 95 119 86 84 105 86 93 106 103 89 104 119 118 112 92 99 97 81 101 117 96 82 86 110 93 115 84 88 111 107 82 102 103 109 111 113 88 102 
115 115 108 110 81 84 81 81 118 111 106 113 104 113 98 90 81 93 91 89 83 94 116 106 117 98 82 85 92 104 85 99 117 86 99 99 86 113 106 84 92 89 103 110 95 88 92 113 106 96 93 89 119 86 99 101 95 95 90 83 119 101 117 113 102 85 97 82 91 89 103 108 99 85 83 114 80 80 82 91 101 89 112 101 117 107 87 95 92 87 84 83 86 117 99 108 115 118 90 81 
116 96 91 109 111 95 108 115 117 101 112 107 117 110 88 107 106 106 92 109 119 103 91 89 99 107 91 111 96 115 82 91 109 115 115 85 107 115 100 107 108 81 107 110 111 89 97 94 104 94 119 107 117 99 109 97 116 115 82 103 111 113 101 100 98 85 81 110 99 116 80 112 103 91 94 103 94 103 110 82 109 107 83 92 105 87 92 96 107 106 82 111 119 108 118 104 102 91 115 101 
108 112 115 109 92 92 110 92 103 84 85 91 91 86 92 109 112 103 117 96 110 83 89 116 106 96 98 91 87 104 117 85 82 81 99 111 86 114 102 87 85 92 88 86 104 98 118 82 109 87 108 87 88 83 115 90 117 89 93 114 113 104 89 83 80 100 98 104 80 89 114 100 117 83 107 117 94 100 86 94 85 83 109 96 108 85 82 108 115 91 91 103 86 104 93 99 106 85 109 101 
96 115 86 80 106 93 108 110 107 87 103 102 83 94 91 95 104 118 92 87 104 90 111 80 107 99 108 96 117 96 104 115 81 87 118 87 105 117 109 108 90 88 101 118 100 94 115 96 87 81 85 103 113 98 103 96 108 102 107 119 109 81 118 109 102 86 111 93 86 89 92 83 110 105 85 105 116 101 89 104 116 90 103 103 90 86 85 83 117 84 108 107 117 92 109 103 109 118 92 117 
108 83 114 119 117 89 106 108 110 97 89 105 85 110 104 84 118 92 109 93 106 82 93 82 90 93 87 101 81 83 114 92 95 81 110 100 114 105 88 115 86 100 111 97 85 96 91 82 90 94 109 83 119 107 81 110 111 80 89 99 94 80 99 117 84 101 107 103 88 88 83 105 113 91 118 115 80 100 108 100 81 105 95 87 89 99 101 115 89 97 86 102 112 113 109 117 111 108 116 107 
117 95 88 83 107 98 107 83 106 119 96 119 96 105 89 103 106 103 92 87 107 91 108 113 91 99 100 104 99 107 94 107 92 84 114 109 87 101 98 109 111 109 114 103 99 98 85 94 103 114 90 100 114 83 93 119 83 81 106 106 116 92 117 109 105 98 117 90 114 88 95 102 91 97 102 103 84 88 103 96 93 112 91 118 82 102 110 86 108 87 101 94 95 108 116 100 112 102 93 119 
103 87 85 80 90 103 112 116 114 95 117 97 102 110 84 82 101 102 99 89 82 82 112 112 80 86 81 85 108 83 103 103 90 110 105 81 88 83 85 106 119 83 97 117 119 103 80 116 114 112 104 93 97 101 111 102 82 88 102 82 91 110 110 112 113 80 119 116 89 98 96 116 119 104 88 113 85 104 83 80 99 96 112 92 109 93 111 82 106 93 88 97 96 82 110 107 101 91 91 117 
113 104 85 95 103 105 102 104 82 92 81 113 84 106 88 92 106 93 99 113 115 80 83 108 87 91 84 111 117 89 81 104 116 104 81 94 107 84 103 109 116 88 119 92 114 90 84 119 116 82 111 86 106 111 98 113 108 94 115 118 90 112 108 97 94 86 119 111 102 99 118 94 117 103 104 84 105 108 112 115 111 119 112 94 114 116 107 107 91 86 119 101 115 106 113 116 83 110 91 91 
116 84 104 86 115 117 97 94 84 116 104 99 87 96 112 109 88 109 88 102 104 103 85 111 90 100 108 86 80 109 113 105 115 81 113 90 97 103 108 118 104 101 103 83 97 114 94 86 104 108 102 87 104 118 119 90 99 98 105 90 119 87 118 107 116 103 85 92 90 80 87 112 104 101 106 96 103 112 99 118 109 102 104 88 109 119 83 119 115 80 83 92 101 111 93 94 109 82 112 114 
116 93 109 103 97 94 93 92 94 86 84 97 91 111 84 103 100 100 93 93 85 106 87 80 103 89 106 110 90 102 101 118 82 97 99 88 102 101 83 93 99 81 110 98 111 91 108 111 105 108 87 110 94 99 113 114 95 82 90 118 110 87 105 110 87 112 115 102 100 95 98 86 104 109 109 94 85 102 93 116 88 88 87 95 82 81 117 102 106 85 112 82 94 81 96 117 105 95 83 110 
94 102 92 115 106 108 107 113 104 107 99 114 94 118 88 115 84 87 87 97 93 94 104 96 102 95 118 88 99 113 87 108 97 103 86 112 110 117 86 102 108 88 81 85 109 114 95 103 113 96 90 110 90 90 94 106 96 87 102 113 113 83 81 107 104 86 116 105 86 105 89 106 118 95 101 82 90 102 103 87 108 90 107 80 119 100 111 109 99 84 101 86 94 88 111 97 104 95 105 82 
112 118 104 81 106 86 81 107 98 105 92 110 97 87 94 94 86 105 94 100 89 105 95 81 80 116 108 119 116 109 99 104 102 88 80 118 99 111 106 86 87 84 82 97 110 108 95 105 117 108 87 100 94 99 112 80 106 100 101 84 105 110 84 110 110 113 92 94 118 95 99 86 118 101 109 116 84 109 90 118 102 114 102 89 87 118 116 118 88 99 116 82 91 92 97 80 98 88 104 93 
118 91 90 119 92 88 106 91 114 102 98 81 103 118 104 111 104 111 102 111 102 110 119 117 101 101 101 90 96 118 104 110 104 93 113 85 83 119 92 81 97 91 84 95 114 84 104 105 100 80 115 111 104 96 82 83 99 91 94 80 99 97 81 110 95 90 85 117 89 113 96 98 112 96 100 91 93 81 91 115 87 118 111 99 98 109 87 94 90 92 94 102 86 93 94 112 88 86 114 105 
81 87 80 116 96 105 101 89 99 104 91 83 118 84 118 110 80 114 108 114 110 90 98 113 119 92 115 105 102 116 91 111 94 87 114 97 112 113 117 101 119 85 110 91 109 80 115 115 94 98 100 85 82 98 102 116 89 101 109 109 86 90 86 114 110 85 90 117 82 118 102 99 119 101 103 111 119 117 108 104 105 82 100 89 83 112 85 90 95 113 86 80 116 83 85 102 91 116 90 102 
106 106 93 96 118 108 115 117 105 86 91 104 99 117 102 114 84 80 117 81 103 102 109 101 115 98 101 111 107 112 112 86 117 83 118 102 112 84 101 87 94 81 116 88 113 103 104 118 106 94 104 101 100 96 115 105 119 117 98 113 105 86 119 97 119 99 100 115 113 91 89 81 99 96 117 106 95 109 117 119 104 101 83 88 98 90 86 111 109 86 87 89 104 113 108 116 99 119 85 106 
92 101 107 97 83 96 112 84 97 99 106 97 115 107 114 87 101 96 105 108 113 82 97 97 118 93 81 115 117 99 91 95 119 85 111 105 83 86 115 96 84 91 90 81 94 90 88 119 113 87 88 108 86 101 100 87 102 119 84 82 98 91 99 110 109 111 98 117 94 116 111 108 90 83 97 91 86 96 82 99 114 90 95 115 80 99 116 118 108 115 104 100 94 107 88 107 90 88 96 99 
105 119 99 91 112 95 107 83 110 95 116 111 92 93 107 84 117 88 117 106 116 107 106 94 108 111 112 91 98 115 91 93 111 91 106 89 91 98 93 84 107 108 90 87 107 101 87 108 110 80 114 119 90 117 117 116 113 115 117 81 113 117 89 95 85 91 119 99 109 88 98 91 113 108 88 111 107 117 80 110 113 103 80 114 98 93 85 89 104 82 116 81 107 105 93 110 111 117 103 83 
84 110 110 116 99 113 113 99 80 90 96 103 82 96 91 117 80 86 102 82 118 114 81 94 116 107 91 118 88 100 110 111 98 103 109 98 101 80 98 88 94 111 117 99 108 97 103 86 112 84 93 106 102 85 103 111 81 112 96 107 92 99 96 82 109 112 84 82 100 101 119 97 105 81 90 85 116 117 104 96 102 92 117 110 85 112 108 109 100 115 94 112 96 112 104 104 95 108 102 111 
